18 
(1,2.1521) (2.1002,1.1302)
(2.1002,1.1302) (8.0150,1.1025)
(8.0150,1.1025) (9.2130,2.1010)
(9.2130,2.1010) (9.0125,5.1301)
(9.0125,5.1301) (7.0252,5.0521)
(7.0252,5.0521) (7.0653,7.0324)
(7.0653,7.0324) (8.0192,8.0192)
(8.0192,8.0192) (9.0210,8.0925)
(9.0210,8.0925) (10.0500,9.1021)
(10.0500,9.1021) (10.1024,11.0129)
(10.1024,11.0129) (6.0192,11.1059)
(6.0192,11.1059) (5.0190,10.0091)
(5.0190,10.0091) (1.0019,10.0079)
(1.0019,10.0079) (1.1010,7.0102)
(1.1010,7.0102) (5.7619,7.0910)
(5.7619,7.0910) (5.010,5.0199)
(5.010,5.0199) (1.0011,5.0101)
(1.0011,5.0101) (1,2.1521)