18 
(1,2.152124) (2.100212,1.1302102)
(2.100212,1.1302102) (8.015012,1.1025202)
(8.015012,1.1025202) (9.21301201,2.101021)
(9.21301201,2.101021) (9.01251,5.130120)
(9.01251,5.130120) (7.025201,5.0521102)
(7.025201,5.0521102) (7.0653,7.032)
(7.0653,7.032) (8.01921,8.01921)
(8.01921,8.01921) (9.0210521,8.0925102)
(9.0210521,8.0925102) (10.05010102,9.1020021)
(10.05010102,9.1020021) (10.10240101,11.012920114)
(10.10240101,11.012920114) (6.01921021,11.105920120)
(6.01921021,11.105920120) (5.019012101,10.00961029)
(5.019012101,10.00961029) (1.0019011,10.0079507)
(1.0019011,10.0079507) (1.101010101,7.010210004)
(1.101010101,7.010210004) (5.76190191,7.091096101)
(5.76190191,7.091096101) (5.010510,5.019019)
(5.010510,5.019019) (1.0011010,5.010101)
(1.0011010,5.010101) (1,2.152124)